ID,Neighborhood,Bank,Bar,Coffee_Shop,Food_Service,Gas Station,Hotel,Indoor_Public,Outdoor,Personal_Service,Pharmacy,Sports_Place,Store,Supermarket,Transportation
1,West Humber-Clairville,6.003842459173871e-05,0.0,0.00021013448607108549,0.0007504803073967339,3.0019212295869356e-05,0.00021013448607108549,0.0,3.0019212295869356e-05,0.0,0.0,3.0019212295869356e-05,0.0001500960614793468,0.0,0.0
2,Mount Olive-Silverstone-Jamestown,3.034532985373551e-05,0.0,3.034532985373551e-05,0.00015172664926867756,0.0,0.0,0.0,9.103598956120653e-05,0.0,3.034532985373551e-05,0.0,0.00012138131941494204,0.0,0.0
3,Thistletown-Beaumond Heights,9.652509652509652e-05,0.0,9.652509652509652e-05,0.0009652509652509653,0.0,0.0,0.0,9.652509652509652e-05,9.652509652509652e-05,9.652509652509652e-05,9.652509652509652e-05,0.0,9.652509652509652e-05,0.0
4,Rexdale-Kipling,0.0,0.0,0.0002849273435274005,0.0002849273435274005,0.0,0.0,0.0,0.0,0.0,0.0,0.0,0.0003799031247032007,0.0,0.0
5,Elms-Old Rexdale,0.0,0.0,0.0,0.00010575296108291032,0.00010575296108291032,0.0,0.0,0.00010575296108291032,0.0,0.0,0.0,0.00010575296108291032,0.0,0.0
6,Kingsview Village-The Westway,4.545454545454545e-05,0.0,9.09090909090909e-05,0.0003181818181818182,4.545454545454545e-05,0.0,0.0,4.545454545454545e-05,0.0,4.545454545454545e-05,0.0,9.09090909090909e-05,4.545454545454545e-05,0.0
7,Willowridge-Martingrove-Richview,9.026900162484202e-05,0.0,0.00018053800324968405,0.00040621050731178915,4.513450081242101e-05,0.0,0.0,9.026900162484202e-05,0.0,0.00018053800324968405,4.513450081242101e-05,0.0003610760064993681,9.026900162484202e-05,0.0
8,Humber Heights-Westmount,0.0,0.0,0.00018268176835951772,0.0005480453050785532,9.134088417975886e-05,0.0,0.0,9.134088417975886e-05,0.0,0.0,0.00018268176835951772,0.0,0.0,0.0
9,Edenbridge-Humber Valley,0.0001287415513356936,0.0,0.0001287415513356936,0.0005793369810106212,6.43707756678468e-05,0.0,0.0,0.00045059542967492756,0.0001287415513356936,0.0001931123270035404,0.0001287415513356936,0.0005793369810106212,6.43707756678468e-05,6.43707756678468e-05
10,Princess-Rosethorn,0.0001809790969143064,0.0,9.04895484571532e-05,0.0003619581938286128,0.0,0.0,9.04895484571532e-05,0.0003619581938286128,0.0,0.0001809790969143064,0.0,0.0001809790969143064,0.0,0.0
11,Eringate-Centennial-West Deane,0.0,0.00016139444803098772,0.00021519259737465033,0.0005917796427802884,5.379814934366258e-05,0.00010759629868732516,0.0,0.000376587045405638,0.0,0.00010759629868732516,0.00032278889606197545,0.000376587045405638,0.0,0.0
12,Markland Wood,9.475080538184574e-05,0.0,9.475080538184574e-05,0.0009475080538184574,0.0,0.0,0.0,9.475080538184574e-05,9.475080538184574e-05,0.0,0.0,0.0002842524161455372,0.0,0.0
13,Etobicoke West Mall,0.0,0.0,0.00033760972316002703,0.00025320729237002026,0.0,8.440243079000676e-05,0.0,0.0,0.0,8.440243079000676e-05,0.0,0.0006752194463200541,0.0,0.0
14,Islington-City Centre West,0.0,2.274536563175253e-05,6.82360968952576e-05,0.0005003980438985557,0.0,0.0,0.0,0.0,2.274536563175253e-05,0.0,2.274536563175253e-05,0.0004549073126350506,0.0,0.0
15,Kingsway South,0.00021572645885017797,0.00043145291770035595,0.0005393161471254449,0.0022651278179268686,0.00010786322942508899,0.0,0.00010786322942508899,0.00021572645885017797,0.00010786322942508899,0.00010786322942508899,0.00010786322942508899,0.00043145291770035595,0.0,0.0
16,Stonegate-Queensway,0.00011975569837531436,0.00011975569837531436,0.00023951139675062872,0.0008782084547523053,0.0,0.0,3.991856612510479e-05,7.983713225020958e-05,7.983713225020958e-05,3.991856612510479e-05,0.0,0.00035926709512594307,0.0,3.991856612510479e-05
17,Mimico (includes Humber Bay Shores),0.00014721469791543988,5.888587916617595e-05,0.00014721469791543988,0.0005888587916617595,0.0,0.0,0.0,0.0001177717583323519,0.0,5.888587916617595e-05,2.9442939583087976e-05,0.00026498645624779176,2.9442939583087976e-05,0.0
18,New Toronto,0.0,8.723719794120213e-05,0.00017447439588240426,0.0006106603855884149,0.0,0.0,8.723719794120213e-05,0.0004361859897060106,0.0,0.0,8.723719794120213e-05,0.0,8.723719794120213e-05,8.723719794120213e-05
19,Long Branch,0.00019833399444664816,9.916699722332408e-05,0.0003966679888932963,0.0007933359777865926,0.0,0.0,0.0,0.00019833399444664816,0.0,9.916699722332408e-05,0.0,0.0003966679888932963,0.0,0.0
20,Alderwood,0.0,8.296001327360213e-05,0.00016592002654720425,0.001327360212377634,0.0,0.0,0.0,8.296001327360213e-05,0.0,8.296001327360213e-05,8.296001327360213e-05,0.0010784801725568277,0.0,0.0
21,Humber Summit,0.00016108247422680412,8.054123711340206e-05,0.00016108247422680412,0.00032216494845360824,0.0,0.0,0.0,0.0004027061855670103,0.0,8.054123711340206e-05,8.054123711340206e-05,0.0002416237113402062,0.0,0.0
22,Humbermede,6.43293663557414e-05,0.0,6.43293663557414e-05,0.0007076230299131554,0.0,0.0,0.0,0.0,0.0,0.0001286587327114828,0.0,0.00019298809906722418,6.43293663557414e-05,0.0
23,Pelmo Park-Humberlea,9.326618168252192e-05,0.0,0.0,0.0007461294534601753,9.326618168252192e-05,0.0,0.0,0.0,0.0,0.0,0.00018653236336504383,0.0007461294534601753,0.0,0.0
24,Black Creek,0.0,4.60045084418273e-05,4.60045084418273e-05,0.0002300225422091365,9.20090168836546e-05,0.0,9.20090168836546e-05,4.60045084418273e-05,0.0,0.0,9.20090168836546e-05,0.0002300225422091365,0.0,0.0
25,Glenfield-Jane Heights,3.279656292020596e-05,0.0,3.279656292020596e-05,6.559312584041192e-05,0.0,0.0,0.0,9.838968876061789e-05,0.0,0.0,3.279656292020596e-05,6.559312584041192e-05,0.0,0.0
26,Downsview-Roding-CFB,0.00011411617026132602,0.0,0.00014264521282665753,0.0005420518087412986,5.705808513066301e-05,0.0,0.0,5.705808513066301e-05,0.0,5.705808513066301e-05,8.558712769599452e-05,0.00028529042565331506,2.8529042565331506e-05,0.0
27,York University Heights,3.624107563512485e-05,7.24821512702497e-05,0.0003624107563512485,0.000724821512702497,0.00010872322690537456,0.0,0.0,3.624107563512485e-05,3.624107563512485e-05,3.624107563512485e-05,0.00010872322690537456,0.00021744645381074912,0.0,0.0
28,Rustic,0.0,0.0,0.0,0.00020118700331958554,0.00010059350165979277,0.0,0.0,0.0,0.0,0.0,0.0,0.00010059350165979277,0.0,0.0
29,Maple Leaf,0.0,0.0,9.890218573830482e-05,0.00019780437147660964,0.0,0.0,0.0,9.890218573830482e-05,0.0,0.0,0.0,9.890218573830482e-05,0.0,0.0
30,Brookhaven-Amesbury,5.631581911358901e-05,0.0,0.00016894745734076703,0.0007321056484766571,5.631581911358901e-05,0.0,0.0,0.00011263163822717802,0.0,0.0,0.00011263163822717802,0.00022526327645435603,0.00011263163822717802,0.0
31,Yorkdale-Glen Park,0.0,0.0,6.754931099702783e-05,0.001215887597946501,0.0,0.0,6.754931099702783e-05,0.0,0.0,6.754931099702783e-05,0.00013509862199405565,0.0016887327749256957,0.0,0.0
32,Englemount-Lawrence,0.0,0.0,0.00022349365278026103,0.0005810834972286787,0.0,0.0,4.469873055605221e-05,0.0,0.0,0.0,0.0,0.001296263186125514,0.0,0.0
33,Clanton Park,6.070908207867897e-05,0.0,0.00024283632831471587,0.0007892180670228266,0.0,0.0,0.0,0.0001821272462360369,0.0,0.00012141816415735794,0.0001821272462360369,0.00048567265662943174,0.0,6.070908207867897e-05
34,Bathurst Manor,0.0,6.3000063000063e-05,6.3000063000063e-05,0.000504000504000504,0.0,0.0,0.0,0.000189000189000189,0.0,0.0,6.3000063000063e-05,0.000252000252000252,0.0,0.0
35,Westminster-Branson,0.0,0.0,3.806043997868615e-05,0.0,0.0,0.0,0.0,0.00019030219989343077,0.0,0.0,7.61208799573723e-05,7.61208799573723e-05,0.0,0.0
36,Newtonbrook West,4.19621501405732e-05,4.19621501405732e-05,0.0001678486005622928,0.0002937350509840124,0.0,0.0,0.0,8.39243002811464e-05,0.0,8.39243002811464e-05,0.0,0.0001258864504217196,0.0,0.0
37,Willowdale West,5.904581955597544e-05,5.904581955597544e-05,0.00017713745866792632,0.000944733112895607,0.0,5.904581955597544e-05,0.0,5.904581955597544e-05,5.904581955597544e-05,0.0,5.904581955597544e-05,0.00017713745866792632,0.0,0.0
38,Lansing-Westgate,0.00012373174956693887,0.0,0.0003093293739173472,0.00043306112348428605,0.00012373174956693887,0.0,6.186587478346944e-05,0.0003711952487008166,6.186587478346944e-05,0.0,0.0,0.00012373174956693887,0.0,6.186587478346944e-05
39,Bedford Park-Nortown,4.3036667240488894e-05,0.00012911000172146668,0.00025822000344293336,0.0013341366844551558,0.0,0.0,0.0,0.0,0.0,4.3036667240488894e-05,4.3036667240488894e-05,0.00025822000344293336,0.0,0.0
40,St.Andrew-Windfields,0.00028070963395463735,5.614192679092747e-05,0.00039299348753649225,0.0008982708286548395,0.00011228385358185493,0.0,0.0,0.0,0.00011228385358185493,5.614192679092747e-05,0.00011228385358185493,0.0006737031214911295,5.614192679092747e-05,0.0
41,Bridle Path-Sunnybrook-York Mills,0.0,0.0,0.0004316857327865314,0.00032376429958989856,0.0,0.0,0.0,0.0005396071659831643,0.0,0.0,0.00010792143319663285,0.0002158428663932657,0.0,0.0
42,Banbury-Don Mills,7.221520129987362e-05,0.0,0.00018053800324968405,0.0008304748149485467,0.0,0.0,7.221520129987362e-05,0.00010832280194981043,3.610760064993681e-05,3.610760064993681e-05,0.00010832280194981043,0.0002888608051994945,7.221520129987362e-05,0.0
43,Victoria Village,0.0,0.0,0.0001142204454597373,0.0002284408909194746,0.0,5.711022272986865e-05,0.0001142204454597373,0.00039977155910908053,0.0,0.0,0.00028555111364934324,0.00017133066818960594,0.0,0.0
44,Flemingdon Park,0.0,0.0,0.0001367801942278758,0.000455933980759586,0.0,0.0,0.0001823735923038344,9.11867961519172e-05,0.0,4.55933980759586e-05,0.000227966990379793,0.0001823735923038344,4.55933980759586e-05,0.0
45,Parkwoods-Donalda,2.8731504094239332e-05,2.8731504094239332e-05,0.00014365752047119666,0.0008906766269214194,0.0,2.8731504094239332e-05,2.8731504094239332e-05,5.7463008188478665e-05,0.0,5.7463008188478665e-05,2.8731504094239332e-05,5.7463008188478665e-05,8.6194512282718e-05,0.0
46,Pleasant View,6.321911746112024e-05,0.0,0.0,0.0009482867619168036,0.0,0.0,6.321911746112024e-05,0.00012643823492224047,6.321911746112024e-05,6.321911746112024e-05,6.321911746112024e-05,0.0005057529396889619,0.0,6.321911746112024e-05
47,Don Valley Village,7.393442016930983e-05,0.0,0.00022180326050792945,0.0007763114117777532,3.6967210084654914e-05,0.0,7.393442016930983e-05,0.0,3.6967210084654914e-05,7.393442016930983e-05,3.6967210084654914e-05,0.0005175409411851688,0.0,0.0
48,Hillcrest Village,0.0002362111727884729,0.0,0.00035431675918270935,0.0008267391047596551,0.0,0.0,0.0,0.00017715837959135467,0.0,0.0002362111727884729,0.00011810558639423645,0.0002362111727884729,0.0,0.00011810558639423645
49,Bayview Woods-Steeles,0.00022806750798236278,0.0,0.00022806750798236278,0.0006081800212863008,0.0,0.0,0.0,0.0003040900106431504,0.0,0.0001520450053215752,7.60225026607876e-05,0.00022806750798236278,0.0,7.60225026607876e-05
50,Newtonbrook East,0.00012424675405355034,0.0,0.00018637013108032551,0.001056097409455178,0.00012424675405355034,0.0,0.0,0.0002484935081071007,0.0,0.0,6.212337702677517e-05,0.00018637013108032551,6.212337702677517e-05,0.0
51,Willowdale East,1.9827893881111947e-05,0.0,7.931157552444779e-05,0.0004560415592655748,0.0,1.9827893881111947e-05,5.9483681643335844e-05,1.9827893881111947e-05,1.9827893881111947e-05,1.9827893881111947e-05,7.931157552444779e-05,0.00019827893881111948,1.9827893881111947e-05,0.0
52,Bayview Village,9.347541596560104e-05,0.0,0.0003739016638624042,0.0007945410357076089,4.673770798280052e-05,0.0,0.0,0.0001869508319312021,4.673770798280052e-05,9.347541596560104e-05,0.0,0.0005141147878108057,4.673770798280052e-05,0.0
53,Henry Farm,0.0001272021878776315,0.0,0.00038160656363289447,0.0012084207848374992,0.0,6.360109393881575e-05,0.0001272021878776315,0.0,6.360109393881575e-05,6.360109393881575e-05,0.0,0.0008904153151434205,0.0,0.0
54,O'Connor-Parkview,5.35475234270415e-05,0.000107095046854083,5.35475234270415e-05,0.0002677376171352075,0.0,0.0,0.0,0.000107095046854083,0.0,5.35475234270415e-05,0.0003748326639892905,5.35475234270415e-05,0.0,0.0
55,Thorncliffe Park,4.737540269092287e-05,4.737540269092287e-05,0.0001421262080727686,0.0007106310403638431,4.737540269092287e-05,4.737540269092287e-05,0.0,9.475080538184574e-05,0.0,4.737540269092287e-05,0.0001421262080727686,0.0003316278188364601,9.475080538184574e-05,0.0
56,Leaside-Bennington,0.0001188495364868077,0.0001188495364868077,0.0002376990729736154,0.0008913715236510578,5.942476824340385e-05,0.0,5.942476824340385e-05,0.0003565486094604231,0.0,0.0001188495364868077,0.0001188495364868077,0.0007130972189208462,5.942476824340385e-05,0.0
57,Broadview North,8.696408383337682e-05,0.0,0.00017392816766675364,0.0006957126706670146,0.0,0.0,8.696408383337682e-05,8.696408383337682e-05,0.0,8.696408383337682e-05,0.0,8.696408383337682e-05,0.0,8.696408383337682e-05
58,Old East York,0.0,0.00021661431820643344,0.00010830715910321672,0.0008664572728257337,0.0,0.0,0.0,0.00043322863641286687,0.0,0.0,0.0,0.0003249214773096502,0.0,0.0
59,Danforth East York,0.0,0.00017462165308498254,0.00040745052386495924,0.0008731082654249127,0.0,0.0,0.0,0.00011641443538998836,0.0,0.0,5.820721769499418e-05,0.00017462165308498254,0.0,0.0
60,Woodbine-Lumsden,0.0,0.0,0.0,0.00012714558169103624,0.0,0.0,0.0,0.0002542911633820725,0.0,0.0,0.000508582326764145,0.0002542911633820725,0.0,0.0
61,Taylor-Massey,0.0,0.0,0.0,6.376331059108588e-05,0.0,0.0,0.0,0.00012752662118217177,0.0,0.0,0.0,0.00019128993177325768,0.0,6.376331059108588e-05
62,East End-Danforth,4.677049717038492e-05,0.00014031149151115475,0.00032739348019269446,0.0009354099434076984,4.677049717038492e-05,0.0,0.0,0.00018708198868153968,0.0,4.677049717038492e-05,4.677049717038492e-05,0.00018708198868153968,0.0,9.354099434076984e-05
63,The Beaches,0.0,0.00023183567487364956,0.00023183567487364956,0.0011591783743682478,0.0,0.0,4.636713497472991e-05,0.0003245699448231094,4.636713497472991e-05,4.636713497472991e-05,4.636713497472991e-05,0.00018546853989891965,0.0,0.0
64,Woodbine Corridor,0.0,0.00015947691571645004,0.00015947691571645004,0.0004784307471493501,7.973845785822502e-05,0.0,0.0,0.0,0.0,0.0,0.00015947691571645004,0.0003189538314329001,0.0,0.0
65,Greenwood-Coxwell,0.0,0.00020808767427342721,0.00020808767427342721,0.0014566137199139904,0.0,0.0,0.0,0.0001387251161822848,0.0,0.0,0.00020808767427342721,0.000346812790455712,0.0,6.93625580911424e-05
66,Danforth,0.0,0.0004138216428719222,0.0006207324643078833,0.0014483757500517278,0.0,0.0,0.0,0.0,0.0,0.0,0.0002069108214359611,0.0004138216428719222,0.0,0.0
67,Playter Estates-Danforth,0.00012813941568426448,0.0007688364941055869,0.00038441824705279346,0.003203485392106612,0.0,0.0,0.00012813941568426448,0.00025627883136852895,0.00012813941568426448,0.0,0.00038441824705279346,0.0007688364941055869,0.0,0.0
68,North Riverdale,0.0,0.0005035246727089627,0.0003356831151393085,0.0019301779120510238,0.0,0.0,8.392077878482712e-05,0.0005035246727089627,8.392077878482712e-05,0.0,0.0003356831151393085,0.0003356831151393085,0.0,0.0
69,Blake-Jones,0.00012941633234114146,0.00012941633234114146,0.0003882489970234244,0.001164746991070273,0.0,0.0,0.00012941633234114146,0.00012941633234114146,0.0,0.0,0.0,0.0003882489970234244,0.0,0.0
70,South Riverdale,0.0,0.0,0.0,0.0,0.0,0.0,0.0,0.0003587315253264457,0.0,0.0,0.00014349261013057828,0.0,0.0,0.0
71,Cabbagetown-South St. James Town,8.56971462850287e-05,8.56971462850287e-05,0.0005141828777101723,0.0015425486331305167,0.0,0.0,0.0,0.00025709143885508615,0.0,8.56971462850287e-05,0.0,0.0007712743165652583,0.0,8.56971462850287e-05
72,Regent Park,0.0,9.256687957048968e-05,0.0003702675182819587,0.0003702675182819587,0.0,0.0,9.256687957048968e-05,9.256687957048968e-05,0.0,9.256687957048968e-05,9.256687957048968e-05,0.00027770063871146905,0.0,0.0
73,Moss Park,4.876621476640983e-05,9.753242953281966e-05,0.0004388959328976885,0.0006827270067297376,0.0,4.876621476640983e-05,0.0001462986442992295,0.0001462986442992295,4.876621476640983e-05,4.876621476640983e-05,0.00019506485906563932,0.000292597288598459,0.0,0.0
74,North St. James Town,0.0,5.372011818426001e-05,0.00021488047273704003,0.00026860059092130003,0.0,5.372011818426001e-05,0.0,0.0,0.0,5.372011818426001e-05,0.0,0.00016116035455278002,0.0,5.372011818426001e-05
75,Church-Yonge Corridor,0.0,6.381620931716656e-05,0.0002871729419272495,0.0004786215698787492,0.0,3.190810465858328e-05,9.572431397574984e-05,0.00019144862795149968,3.190810465858328e-05,0.0,9.572431397574984e-05,0.00022335673261008297,3.190810465858328e-05,0.0
76,Bay Street Corridor,0.0,0.00011629259216187928,0.0003488777764856379,0.0008528123425204481,0.0,0.0,0.00011629259216187928,7.75283947745862e-05,0.0,0.0,3.87641973872931e-05,0.0001550567895491724,0.0,0.0
77,Waterfront Communities-The Island,0.0,1.5171513965378604e-05,6.068605586151442e-05,0.00010620059775765024,0.0,3.034302793075721e-05,4.551454189613582e-05,0.0002275727094806791,0.0,0.0,7.585756982689303e-05,1.5171513965378604e-05,0.0,1.5171513965378604e-05
78,Kensington-Chinatown,0.0,0.00027862914460852607,0.00044580663137364166,0.0011702424073558094,0.0,0.0,5.572582892170521e-05,5.572582892170521e-05,5.572582892170521e-05,0.0,5.572582892170521e-05,0.0005572582892170521,0.0,0.0
79,University,0.0002629157355067701,0.00013145786775338504,0.0014460365452872354,0.0019718680163007757,0.0,0.00013145786775338504,0.0006572893387669252,0.0002629157355067701,0.0,0.00013145786775338504,0.00013145786775338504,0.0007887472065203102,0.0,0.0
80,Palmerston-Little Italy,0.0,0.0004339649934905251,0.0004339649934905251,0.0018081874728771879,0.0,0.0,7.232749891508752e-05,7.232749891508752e-05,7.232749891508752e-05,0.0,0.0,0.00036163749457543756,0.0,0.0
81,Trinity-Bellwoods,0.0,0.000724812756704518,0.00024160425223483932,0.001449625513409036,0.0,0.0,0.00024160425223483932,6.040106305870983e-05,0.0,0.0,6.040106305870983e-05,0.00024160425223483932,0.0,0.0
82,Niagara,0.0,3.207184092366902e-05,9.621552277100705e-05,0.00016035920461834508,0.0,3.207184092366902e-05,0.0001282873636946761,0.00022450288646568313,0.0,0.0,0.0001282873636946761,3.207184092366902e-05,0.0,0.0
83,Dufferin Grove,0.0,0.0009333899024183284,0.0005939753924480272,0.0017819261773440816,0.0,0.0,8.485362749257531e-05,8.485362749257531e-05,0.0,0.0,8.485362749257531e-05,0.0005939753924480272,0.0,0.0
84,Little Portugal,0.0,0.0006427148274310688,0.00044990037920174817,0.0012854296548621376,0.0,0.0,0.0,6.427148274310688e-05,6.427148274310688e-05,0.0,0.00012854296548621375,0.0003856288964586413,0.0,0.0
85,South Parkdale,0.0,0.0,0.00018307474026271224,0.0003661494805254245,0.0,0.0,4.576868506567806e-05,0.00018307474026271224,0.0,0.0,0.0001373060551970342,0.00018307474026271224,0.0,4.576868506567806e-05
86,Roncesvalles,6.678242286630158e-05,0.00040069453719780956,0.0006010418057967143,0.0012688660344597302,0.0,0.0,0.0,0.00013356484573260317,0.0,0.00013356484573260317,0.00013356484573260317,0.00046747696006411115,0.0,0.0
87,High Park-Swansea,0.0,4.179728317659352e-05,0.00025078369905956113,0.0003343782654127482,8.359456635318704e-05,0.0,0.0,0.0005851619644723093,4.179728317659352e-05,4.179728317659352e-05,0.0003343782654127482,0.00012539184952978057,0.0,0.0
88,High Park North,0.0,9.024456276509341e-05,9.024456276509341e-05,0.0005865896579731071,4.5122281382546704e-05,0.0,9.024456276509341e-05,9.024456276509341e-05,0.0,4.5122281382546704e-05,9.024456276509341e-05,0.0002256114069127335,0.0,0.0
89,Runnymede-Bloor West Village,0.0,9.930486593843098e-05,0.0005958291956305859,0.0012909632571996028,0.0,0.0,0.0,0.0,0.0,9.930486593843098e-05,9.930486593843098e-05,0.00019860973187686197,0.0,0.0
90,Junction Area,0.0,0.00041765279131282193,0.00041765279131282193,0.001252958373938466,0.0,0.0,6.960879855213699e-05,0.0,0.00013921759710427398,0.0,0.00013921759710427398,0.0009049143811777809,0.0,0.0
91,Weston-Pelham Park,9.010632546404758e-05,0.0,0.00018021265092809516,0.0011713822310326185,0.0,0.0,0.0,0.0003604253018561903,0.0,0.0,9.010632546404758e-05,0.0002703189763921427,0.0,9.010632546404758e-05
92,Corso Italia-Davenport,7.075638576381519e-05,0.0,0.0003537819288190759,0.0013443713295124885,0.0,0.0,0.0,0.00028302554305526076,0.0,0.0,0.00014151277152763038,0.0004245383145828911,0.0,7.075638576381519e-05
93,Dovercourt-Wallace Emerson-Junction,0.0,0.00027303754266211604,0.0003276450511945393,0.0004914675767918089,0.0,0.0,5.460750853242321e-05,5.460750853242321e-05,0.0,0.0,2.7303754266211605e-05,0.00010921501706484642,2.7303754266211605e-05,0.0
94,Wychwood,6.969126768415918e-05,6.969126768415918e-05,0.0002787650707366367,0.002369503101261412,0.0,0.0,6.969126768415918e-05,6.969126768415918e-05,0.0,6.969126768415918e-05,6.969126768415918e-05,0.0002787650707366367,0.0,0.0
95,Annex,0.0,3.2758959575443885e-05,0.00022931271702810718,0.0007206971106597655,0.0,6.551791915088777e-05,9.827687872633165e-05,9.827687872633165e-05,0.0,0.0,6.551791915088777e-05,0.0001965537574526633,0.0,0.0
96,Casa Loma,0.0,9.117432530999271e-05,0.00045587162654996355,0.0013676148796498905,0.0,0.0,0.0002735229759299781,0.00036469730123997083,0.0,9.117432530999271e-05,9.117432530999271e-05,0.0002735229759299781,0.0,0.0
97,Yonge-St.Clair,0.00015964240102171138,0.00015964240102171138,0.0006385696040868455,0.002075351213282248,0.0,7.982120051085569e-05,0.0,0.0,7.982120051085569e-05,7.982120051085569e-05,0.00023946360153256704,0.00023946360153256704,7.982120051085569e-05,0.0
98,Rosedale-Moore Park,9.55885867227453e-05,9.55885867227453e-05,0.0002867657601682359,0.0006213258136978445,0.0,0.0,0.0,0.0004779429336137265,4.779429336137265e-05,4.779429336137265e-05,9.55885867227453e-05,0.0004779429336137265,0.0,0.0
99,Mount Pleasant East,0.0,5.961251862891207e-05,0.00035767511177347243,0.0019672131147540984,0.0,0.0,0.0,5.961251862891207e-05,0.0,0.0,0.00017883755588673621,0.00011922503725782414,5.961251862891207e-05,0.0
100,Yonge-Eglinton,0.0,0.00016924769400016924,0.0005077430820005078,0.002454091563002454,0.0,0.0,0.00016924769400016924,0.0002538715410002539,0.0,0.0,0.0003384953880003385,0.0002538715410002539,0.0,0.0
101,Forest Hill South,0.00018635855385762206,0.0,0.0002795378307864331,0.0010249720462169214,0.0,0.0,0.0,0.00046589638464405515,0.0,9.317927692881103e-05,0.0002795378307864331,0.0002795378307864331,0.0,0.0
102,Forest Hill North,7.808839606434484e-05,7.808839606434484e-05,0.00015617679212868969,0.0009370607527721381,0.0,0.0,0.0,0.00023426518819303453,7.808839606434484e-05,7.808839606434484e-05,0.00015617679212868969,7.808839606434484e-05,0.0,0.0
103,Lawrence Park South,0.0,0.00019764147835825812,0.0004611634495026023,0.0014493708412938928,0.0,0.0,6.588049278608604e-05,0.00013176098557217208,0.00013176098557217208,0.0,0.00019764147835825812,0.0005929244350747744,0.0,0.0
104,Mount Pleasant West,0.0,6.743543057522422e-05,0.0002697417223008969,0.0010452491739159754,0.0,0.0,3.371771528761211e-05,6.743543057522422e-05,0.0,0.0,6.743543057522422e-05,6.743543057522422e-05,3.371771528761211e-05,0.0
105,Lawrence Park North,0.0001369206544807284,0.00020538098172109262,0.0002738413089614568,0.0021222701444512907,0.0,0.0,0.0,0.0,0.0,6.84603272403642e-05,6.84603272403642e-05,0.00041076196344218524,0.0,0.0
106,Humewood-Cedarvale,0.0,0.0,0.0,6.961364427427775e-05,0.0,0.0,0.0,6.961364427427775e-05,0.0,0.0,0.0001392272885485555,0.00020884093282283329,0.0,0.0
107,Oakwood Village,0.0,0.0,4.714757190004715e-05,0.00023573785950023574,0.0,0.0,0.0,0.0,0.0,0.0,9.42951438000943e-05,0.0001885902876001886,0.0,0.0
108,Briar Hill-Belgravia,7.014098337658694e-05,0.0,0.00014028196675317387,0.00042084590025952165,0.0,0.0,0.0,7.014098337658694e-05,0.0,0.00014028196675317387,0.0,0.0007715508171424563,0.0,0.0
109,Caledonia-Fairbank,0.0,0.0,0.0,0.00020090406830738323,0.0,0.0,0.0,0.00010045203415369161,0.0,0.00010045203415369161,0.0,0.00030135610246107485,0.0,0.0
110,Keelesdale-Eglinton West,0.0,0.0,9.043226623259179e-05,0.0008138903960933261,0.0,0.0,0.0,0.0,0.0,0.0,0.0,0.0005425935973955507,0.0,0.0
111,Rockcliffe-Smythe,4.495190146543199e-05,0.0,0.00017980760586172796,0.0002697114087925919,0.0,0.0,0.0,0.00031466331025802394,0.0,0.0,0.00013485570439629595,0.00013485570439629595,4.495190146543199e-05,0.0
112,Beechborough-Greenbrook,0.0,0.0,0.0001520450053215752,0.0006081800212863008,0.0,0.0,0.0,0.0,0.0,0.0,0.0,0.0012163600425726016,0.0,0.0
113,Weston,0.0,0.0,5.558025789239662e-05,0.0002779012894619831,5.558025789239662e-05,0.0,0.0,0.0,0.0,5.558025789239662e-05,0.00011116051578479324,0.00011116051578479324,0.0,0.00011116051578479324
114,Lambton Baby Point,0.0,0.0,0.0,0.0,0.0,0.0,0.0,0.0002504696305572949,0.0,0.0,0.0,0.0002504696305572949,0.0,0.0
115,Mount Dennis,0.0,0.0,0.0001471345545501361,0.0001471345545501361,0.0,0.0,0.0,0.00022070183182520416,0.0,0.0,0.0001471345545501361,7.356727727506805e-05,0.0,0.0
116,Steeles,4.06124355277586e-05,0.0,8.12248710555172e-05,0.0011777606303049993,4.06124355277586e-05,0.0,0.0,0.0,0.0,4.06124355277586e-05,8.12248710555172e-05,4.06124355277586e-05,8.12248710555172e-05,0.0
117,L'Amoreaux,6.819266701520697e-05,0.0,6.819266701520697e-05,0.0005228104471165868,4.5461778010137974e-05,0.0,0.0,2.2730889005068987e-05,0.0,9.092355602027595e-05,4.5461778010137974e-05,9.092355602027595e-05,0.0,0.0
118,Tam O'Shanter-Sullivan,7.287036362311447e-05,0.0,7.287036362311447e-05,0.0010930554543467173,3.643518181155724e-05,3.643518181155724e-05,0.0,0.00010930554543467172,0.0,0.00010930554543467172,0.0,0.0001821759090577862,0.0,0.0
119,Wexford/Maryvale,3.582046781530967e-05,0.0,0.00014328187126123868,0.0010387935666439803,3.582046781530967e-05,0.0,0.0,0.0,0.0,3.582046781530967e-05,0.000107461403445929,0.000214922806891858,7.164093563061934e-05,0.0
120,Clairlea-Birchmount,3.7058997924696115e-05,3.7058997924696115e-05,0.00011117699377408835,0.0005929439667951378,3.7058997924696115e-05,0.0,0.0,3.7058997924696115e-05,0.0,3.7058997924696115e-05,0.0,0.00014823599169878446,0.0,0.0
121,Oakridge,7.222824124232574e-05,0.0,7.222824124232574e-05,0.00021668472372697725,0.0,0.0,0.0,0.0001444564824846515,0.0,0.0,0.0,0.0,0.0,7.222824124232574e-05
122,Birchcliffe-Cliffside,0.0,0.0,4.486115472612265e-05,0.0001794446189044906,0.0,0.0,0.0,0.00013458346417836794,0.0,0.0,4.486115472612265e-05,4.486115472612265e-05,0.0,0.0
123,Cliffcrest,0.0,6.27549419516787e-05,6.27549419516787e-05,0.00037652965171007215,0.0,0.0,0.0,0.0006275494195167869,0.0,0.0,0.0,0.0001255098839033574,0.0,0.0
124,Kennedy Park,5.840098113648309e-05,0.0,0.00023360392454593236,0.0007008117736377971,0.0,0.0,0.0,0.0,0.0,5.840098113648309e-05,0.0,0.0004672078490918647,0.0,0.00011680196227296618
125,Ionview,7.330840847445201e-05,0.0,0.00014661681694890403,0.0005864672677956161,0.0,0.0,0.0,0.0,0.0,7.330840847445201e-05,0.0,0.0005864672677956161,0.0,0.00021992522542335605
126,Dorset Park,7.999040115186178e-05,0.0,0.00023997120345558534,0.0010398752149742032,0.0,0.0,0.0,0.0,0.0,0.0,3.999520057593089e-05,0.0004399472063352398,7.999040115186178e-05,0.0
127,Bendale,0.00010013351134846461,3.3377837116154874e-05,3.3377837116154874e-05,0.0005674232309746328,3.3377837116154874e-05,0.0,0.0,0.00010013351134846461,0.0,6.675567423230975e-05,0.0,0.0001335113484646195,0.0,0.0
128,Agincourt South-Malvern West,4.209285684219388e-05,0.0,0.00012627857052658164,0.0013048785621080103,0.0,0.0,0.0,0.0,0.0,4.209285684219388e-05,0.0002104642842109694,0.0002104642842109694,8.418571368438776e-05,0.0
129,Agincourt North,6.8697832583382e-05,0.0,0.00010304674887507299,0.000893071823583966,0.0,0.0,3.4348916291691e-05,3.4348916291691e-05,0.0,6.8697832583382e-05,3.4348916291691e-05,0.00034348916291691,3.4348916291691e-05,3.4348916291691e-05
130,Milliken,7.52671985548698e-05,0.0,0.0001505343971097396,0.0011666415776004817,0.0,0.0,7.52671985548698e-05,7.52671985548698e-05,0.0,0.00011290079783230468,0.0,0.0001505343971097396,0.0,0.0
131,Rouge,4.301445285615967e-05,4.301445285615967e-05,6.452167928423951e-05,0.00034411562284927734,2.1507226428079834e-05,0.0,0.0,0.0003011011699931177,0.0,4.301445285615967e-05,2.1507226428079834e-05,8.602890571231934e-05,2.1507226428079834e-05,0.0
132,Malvern,2.2834178197926655e-05,0.0,2.2834178197926655e-05,0.0002055076037813399,0.0,0.0,0.0,2.2834178197926655e-05,0.0,4.566835639585331e-05,4.566835639585331e-05,9.133671279170662e-05,2.2834178197926655e-05,0.0
133,Centennial Scarborough,0.0,0.0,7.4839095943721e-05,0.000224517287831163,0.0,0.0,0.0,0.000299356383774884,0.0,0.0,7.4839095943721e-05,0.000149678191887442,0.0,0.0
134,Highland Creek,0.0,0.0,0.0,0.00024011525532255482,0.0,0.0,0.0,0.0,0.0,0.0,8.003841844085161e-05,0.0,0.0,0.0
135,Morningside,0.0,0.0,0.00022916069894013177,0.00017187052420509884,5.729017473503294e-05,0.0,0.0,0.00011458034947006589,0.0,5.729017473503294e-05,5.729017473503294e-05,0.00011458034947006589,5.729017473503294e-05,0.0
136,West Hill,3.650700934579439e-05,7.301401869158878e-05,3.650700934579439e-05,0.0008031542056074766,0.0,3.650700934579439e-05,0.0,7.301401869158878e-05,0.0,7.301401869158878e-05,0.00010952102803738318,0.00021904205607476635,3.650700934579439e-05,0.0
137,Woburn,3.739366177432925e-05,1.8696830887164625e-05,7.47873235486585e-05,0.00043002711040478637,3.739366177432925e-05,0.0,0.0,3.739366177432925e-05,0.0,1.8696830887164625e-05,3.739366177432925e-05,0.0002056651397588109,1.8696830887164625e-05,0.0
138,Eglinton East,0.0,0.0,4.390586582367404e-05,0.0003073410607657183,0.0,0.0,0.0,0.0,0.0,0.00013171759747102212,4.390586582367404e-05,0.00013171759747102212,0.0,0.0
139,Scarborough Village,0.0,0.0,0.0001793829227457546,0.00023917723032767282,0.0,5.9794307581918205e-05,0.0,0.00011958861516383641,0.0,5.9794307581918205e-05,5.9794307581918205e-05,0.00023917723032767282,0.0,0.0
140,Guildwood,0.0,0.0,0.00010083694665725522,0.00020167389331451045,0.0,0.00010083694665725522,0.0,0.00020167389331451045,0.0,0.0,0.0,0.00020167389331451045,0.0,0.00020167389331451045
